1 11 8
1 11 6
1 11 7
7 14 10
7 14 9
7 13 9
7 15 9
7 14 7
19 21 12
19 21 11
19 20 11
25 22 13
25 24 13
25 25 12
25 23 13
25 23 12
43 41 24
43 42 25
43 42 24
49 61 37
49 60 35
49 61 34
49 61 35
49 59 36
5 19 10
5 18 11
5 18 10
11 22 12
11 22 10
11 22 11
11 23 11
17 26 11
17 28 11
17 27 11
17 27 13
17 26 12
23 31 13
23 31 12
23 32 12
23 32 14
44 67 64
44 69 65
4 9 16
4 11 14
4 9 14
4 8 15
10 10 17
10 11 18
10 11 17
10 11 16
16 13 19
16 12 19
16 12 18
16 14 20
16 11 19
22 16 21
22 17 22
22 15 22
28 18 24
28 16 23
28 17 24
28 18 23
28 16 24
34 18 23
34 19 24
34 19 25
34 20 23
34 20 22
40 23 25
40 23 23
40 23 24
0 21 5
0 20 3
0 21 4
0 21 2
12 29 3
12 29 4
12 28 2
30 36 2
30 36 3
30 37 2
30 35 2
42 45 3
42 42 6
3 15 19
3 14 19
3 15 18
15 21 24
15 21 25
15 20 24
15 21 26
15 22 26
27 27 30
27 29 30
27 27 31
27 28 29
27 27 29
39 35 35
39 36 34
39 36 35
45 43 38
45 45 39
45 44 40
45 45 37
19 21 9
19 21 8
19 22 7
19 20 6
25 23 9
25 22 7
25 22 8
25 23 8
37 27 10
37 29 11
37 27 12
37 27 11
37 28 11
43 30 15
43 31 15
43 33 16
43 32 14
43 33 15
49 37 23
49 37 24
49 38 24
49 38 25
55 42 38
55 41 38
55 40 37
