0 5 5 -2.5 -2.5 -2.5 25 25 0 -90 0
1 5 5 2.5 -2.5 -2.5 25 25 0 -90 0
2 5 5 -2.5 -2.5 -2.5 25 25 90 0 0
3 5 5 -2.5 2.5 -2.5 25 25 90 0 0
4 5 5 -2.5 -2.5 -2.5 25 25 0 0 0
5 5 5 -2.5 -2.5 2.5 25 25 0 0 0
6 6 6 -3 -3 -3 30 30 0 -90 0
7 6 6 3 -3 -3 30 30 0 -90 0
8 6 6 -3 -3 -3 30 30 90 0 0
9 6 6 -3 3 -3 30 30 90 0 0
10 6 6 -3 -3 -3 30 30 0 0 0
11 6 6 -3 -3 3 30 30 0 0 0
12 7 7 -3.5 -3.5 -3.5 35 35 0 -90 0
13 7 7 3.5 -3.5 -3.5 35 35 0 -90 0
14 7 7 -3.5 -3.5 -3.5 35 35 90 0 0
15 7 7 -3.5 3.5 -3.5 35 35 90 0 0
16 7 7 -3.5 -3.5 -3.5 35 35 0 0 0
17 7 7 -3.5 -3.5 3.5 35 35 0 0 0
18 8 8 -4 -4 -4 40 40 0 -90 0
19 8 8 4 -4 -4 40 40 0 -90 0
20 8 8 -4 -4 -4 40 40 90 0 0
21 8 8 -4 4 -4 40 40 90 0 0
22 8 8 -4 -4 -4 40 40 0 0 0
23 8 8 -4 -4 4 40 40 0 0 0
24 9 9 -4.5 -4.5 -4.5 45 45 0 -90 0
25 9 9 4.5 -4.5 -4.5 45 45 0 -90 0
26 9 9 -4.5 -4.5 -4.5 45 45 90 0 0
27 9 9 -4.5 4.5 -4.5 45 45 90 0 0
28 9 9 -4.5 -4.5 -4.5 45 45 0 0 0
29 9 9 -4.5 -4.5 4.5 45 45 0 0 0
30 10 10 -5 -5 -5 50 50 0 -90 0
31 10 10 5 -5 -5 50 50 0 -90 0
32 10 10 -5 -5 -5 50 50 90 0 0
33 10 10 -5 5 -5 50 50 90 0 0
34 10 10 -5 -5 -5 50 50 0 0 0
35 10 10 -5 -5 5 50 50 0 0 0
36 12.5 12.5 -6.25 -6.25 -6.25 60 60 0 -90 0
37 12.5 12.5 6.25 -6.25 -6.25 60 60 0 -90 0
38 12.5 12.5 -6.25 -6.25 -6.25 60 60 90 0 0
39 12.5 12.5 -6.25 6.25 -6.25 60 60 90 0 0
40 12.5 12.5 -6.25 -6.25 -6.25 60 60 0 0 0
41 12.5 12.5 -6.25 -6.25 6.25 60 60 0 0 0
42 15 15 -7.5 -7.5 -7.5 75 75 0 -90 0
43 15 15 7.5 -7.5 -7.5 75 75 0 -90 0
44 15 15 -7.5 -7.5 -7.5 75 75 90 0 0
45 15 15 -7.5 7.5 -7.5 75 75 90 0 0
46 15 15 -7.5 -7.5 -7.5 75 75 0 0 0
47 15 15 -7.5 -7.5 7.5 75 75 0 0 0
48 20 20 -10 -10 -10 100 100 0 -90 0
49 20 20 10 -10 -10 100 100 0 -90 0
50 20 20 -10 -10 -10 100 100 90 0 0
51 20 20 -10 10 -10 100 100 90 0 0
52 20 20 -10 -10 -10 100 100 0 0 0
53 20 20 -10 -10 10 100 100 0 0 0
54 25 25 -12.5 -12.5 -12.5 125 125 0 -90 0
55 25 25 12.5 -12.5 -12.5 125 125 0 -90 0
56 25 25 -12.5 -12.5 -12.5 125 125 90 0 0
57 25 25 -12.5 12.5 -12.5 125 125 90 0 0
58 25 25 -12.5 -12.5 -12.5 125 125 0 0 0
59 25 25 -12.5 -12.5 12.5 125 125 0 0 0
60 35 35 -17.5 -17.5 -17.5 175 175 0 -90 0
61 35 35 17.5 -17.5 -17.5 175 175 0 -90 0
62 35 35 -17.5 -17.5 -17.5 175 175 90 0 0
63 35 35 -17.5 17.5 -17.5 175 175 90 0 0
64 35 35 -17.5 -17.5 -17.5 175 175 0 0 0
65 35 35 -17.5 -17.5 17.5 175 175 0 0 0
