7 22 26
7 20 26
13 24 31
13 23 31
19 26 34
31 34 42
1 19 22
1 17 22
25 29 41
62 67 75
14 14 16
14 13 15
14 14 14
14 12 15
26 18 19
26 17 18
26 19 19
26 18 20
8 12 12
8 11 12
8 10 13
8 11 13
38 22 27
38 24 26
38 22 25
38 23 25
32 20 20
32 19 21
32 18 20
32 20 21
2 9 8
2 8 9
2 9 9
2 10 10
2 10 11
20 16 18
20 16 17
20 15 17
20 15 19
50 39 43
50 39 42
50 38 45
44 29 32
44 27 31
44 29 33
44 29 31
56 49 55
56 49 53
18 16 24
18 16 23
0 11 13
0 10 13
24 18 27
24 18 26
36 26 34
42 30 44
12 13 20
12 16 22
30 19 29
30 20 29
6 13 17
6 13 16
10 14 11
10 14 8
10 16 11
10 14 10
10 16 10
10 15 11
10 15 10
22 21 14
22 22 14
22 20 13
34 25 18
34 26 16
34 27 17
34 26 17
34 28 17
34 27 16
52 51 36
52 51 35
52 52 36
52 53 35
4 11 8
4 14 7
4 13 7
4 13 8
4 14 8
4 12 8
40 30 21
40 30 20
40 31 21
40 31 20
40 32 22
40 31 22
64 92 59
64 92 61
64 91 60
46 39 25
46 39 27
46 40 27
46 38 27
46 38 26
46 39 28
46 39 26
16 16 12
16 17 10
16 19 11
16 18 14
16 19 12
16 18 12
16 17 13
16 17 11
58 64 44
58 65 43
58 65 46
58 66 43
28 23 15
28 24 17
28 24 16
28 23 16
28 23 14
10 23 9
10 23 8
22 27 11
22 30 10
34 36 14
4 18 6
4 17 6
40 45 17
16 24 9
16 24 11
28 32 11
55 22 78
55 21 77
55 23 79
55 21 76
43 14 46
43 12 46
43 13 46
7 4 18
7 6 19
7 5 18
7 7 18
7 5 17
7 4 19
7 6 18
7 6 16
13 5 22
13 6 21
13 7 20
13 6 22
13 8 21
13 7 22
19 6 24
19 7 23
19 7 24
19 6 23
19 8 23
31 9 29
31 6 30
31 9 31
31 8 29
31 9 30
31 7 30
49 16 60
49 17 61
49 16 61
49 17 60
61 29 107
61 31 108
1 3 14
1 4 16
1 3 15
1 5 16
1 5 15
1 4 15
1 4 14
25 7 28
25 7 27
25 7 26
25 8 27
37 10 37
37 10 38
37 10 36
37 11 36
37 9 37
37 9 38
